1 
 0.3505095 0.0263391 -0.0222775 -2.430918250006809 9.397779100026325 5.272100150014768
-0.4055750 -0.5566662 -0.2247787  6.06540210001699 -3.770669000010563  -2.03142210000569
0.8300348 -0.5315723 -0.2304572 3.4919659500097815 4.703010400013174 2.0389301500057115
1.3845017 -0.0742960 -0.0714886 0.5511244500015438 5.0349487000141036 2.2944849000064274
-4.972632 -2.097550 -0.778010 1.0954007700030683 -2.182296675006113 -0.962067000002695
-4.786640 7.063202 3.123 356 -1.8393718750051524 -1.0267647100028763 -0.3449231750009662
18.67730 -6.62573 -3.16600 0.5148905350014423 1.1630929400032581 0.7764404100021749
21.68870 -19.06902 -8.34503 0.7863435900022027 0.7764404100021749 0.29786628000083437
-3.47724 -29.67971 -8.21573 1.1604718750032506 -0.19150783500053645 -0.40949240500114703





