T0:0.000000 	 Tf:48.000000 	 n:50
i 	 Celsius 	 	 Farenheit
0 	 0.000000 	 32.000000
1 	 0.960000 	 32.959999
2 	 1.920000 	 33.919998
3 	 2.880000 	 34.880001
4 	 3.840000 	 35.840000
5 	 4.800000 	 36.799999
6 	 5.760000 	 37.759998
7 	 6.720000 	 38.720001
8 	 7.680000 	 39.680000
9 	 8.639999 	 40.639999
10 	 9.599999 	 41.599998
11 	 10.559999 	 42.559998
12 	 11.520000 	 43.520000
13 	 12.480000 	 44.480000
14 	 13.440000 	 45.439999
15 	 14.400000 	 46.400002
16 	 15.360000 	 47.360001
17 	 16.320000 	 48.320000
18 	 17.279999 	 49.279999
19 	 18.240000 	 50.239998
20 	 19.199999 	 51.199997
21 	 20.160000 	 52.160000
22 	 21.119999 	 53.119999
23 	 22.080000 	 54.080002
24 	 23.039999 	 55.040001
25 	 24.000000 	 56.000000
26 	 24.959999 	 56.959999
27 	 25.920000 	 57.919998
28 	 26.879999 	 58.879997
29 	 27.840000 	 59.840000
30 	 28.799999 	 60.799999
31 	 29.760000 	 61.760002
32 	 30.719999 	 62.720001
33 	 31.679998 	 63.680000
34 	 32.639999 	 64.639999
35 	 33.599998 	 65.599998
36 	 34.559998 	 66.559998
37 	 35.520000 	 67.520004
38 	 36.480000 	 68.479996
39 	 37.439999 	 69.440002
40 	 38.399998 	 70.399994
41 	 39.360001 	 71.360001
42 	 40.320000 	 72.320000
43 	 41.279999 	 73.279999
44 	 42.239998 	 74.239998
45 	 43.200001 	 75.199997
46 	 44.160000 	 76.160004
47 	 45.119999 	 77.119995
48 	 46.079998 	 78.080002
49 	 47.039997 	 79.039993
