x:0.000000 	 csc:-0.000000 	 sec:0.000000 	0.000000	 1.000000	  inf	 
1.000000	 1.000152	  57.299843	 
2.000000	 1.000610	  28.654285	 
3.000000	 1.001372	  19.107708	 
4.000000	 1.002442	  14.335876	 
5.000000	 1.003820	  11.473944	 
6.000000	 1.005508	  9.566964	 
7.000000	 1.007509	  8.205674	 
8.000000	 1.009827	  7.185441	 
9.000000	 1.012465	  6.392581	 
10.000000	 1.015426	  5.758885	 
11.000000	 1.018716	  5.240948	 
12.000000	 1.022340	  4.809830	 
13.000000	 1.026303	  4.445499	 
14.000000	 1.030612	  4.133647	 
15.000000	 1.035275	  3.863780	 
16.000000	 1.040298	  3.628026	 
17.000000	 1.045690	  3.420371	 
18.000000	 1.051460	  3.236131	 
19.000000	 1.057618	  3.071613	 
20.000000	 1.064175	  2.923861	 
21.000000	 1.071142	  2.790482	 
22.000000	 1.078531	  2.669518	 
23.000000	 1.086357	  2.559354	 
24.000000	 1.094632	  2.458640	 
25.000000	 1.103373	  2.366246	 
26.000000	 1.112597	  2.281215	 
27.000000	 1.122321	  2.202730	 
28.000000	 1.132564	  2.130094	 
29.000000	 1.143348	  2.062703	 
30.000000	 1.154693	  2.000037	 
31.000000	 1.166626	  1.941639	 
32.000000	 1.179170	  1.887114	 
33.000000	 1.192354	  1.836111	 
34.000000	 1.206208	  1.788323	 
35.000000	 1.220764	  1.743477	 
36.000000	 1.236057	  1.701331	 
37.000000	 1.252123	  1.661669	 
38.000000	 1.269005	  1.624297	 
39.000000	 1.286745	  1.589043	 
40.000000	 1.305392	  1.555750	 
41.000000	 1.324996	  1.524278	 
42.000000	 1.345615	  1.494501	 
43.000000	 1.367308	  1.466303	 
44.000000	 1.390143	  1.439580	 
45.000000	 1.414191	  1.414236	 
46.000000	 1.439532	  1.390185	 
47.000000	 1.466253	  1.367349	 
48.000000	 1.494449	  1.345653	 
49.000000	 1.524223	  1.325033	 
50.000000	 1.555691	  1.305427	 
51.000000	 1.588980	  1.286778	 
52.000000	 1.624231	  1.269036	 
53.000000	 1.661599	  1.252153	 
54.000000	 1.701257	  1.236085	 
55.000000	 1.743399	  1.220791	 
56.000000	 1.788239	  1.206234	 
57.000000	 1.836022	  1.192379	 
58.000000	 1.887018	  1.179193	 
59.000000	 1.941537	  1.166648	 
